Weight,WCPre,WCPost,HCPre,HCPost,MoCaPre,MoCaPost
Weight,1,0.039,0.609,0.005,0.364,0.249,0.38
WCPre,0.039,1,0.488,0.728,0.428,-0.087,-0.233
WCPost,0.609,0.488,1,0.464,0.616,0.118,0.172
HCPre,0.005,0.728,0.464,1,0.523,0.087,-0.151
HCPost,0.364,0.428,0.616,0.523,1,0.097,0.014
MoCaPre,0.249,-0.087,0.118,0.087,0.097,1,0.669
MoCaPost,0.38,-0.233,0.172,-0.151,0.014,0.669,1
